0,550
0,549
69,3
69,2
69,1
69,0
0,548
0,547
68,3
68,2
0,546
68,1
68,0
0,545
0,544
67,3
67,2
67,1
67,0
0,543
0,542
0,541
66,4
66,3
66,2
66,1
66,0
65,3
65,2
65,1
65,0
64,3
64,2
64,1
64,0
0,540
0,539
0,538
0,537
63,3
63,2
63,1
63,0
62,3
62,2
62,1
62,0
61,3
61,2
61,1
61,0
0,536
60,4
60,3
60,2
60,1
60,0
59,3
59,2
59,1
59,0
58,3
58,2
58,1
58,0
0,535
0,534
57,3
57,2
57,1
57,0
56,3
56,2
56,1
56,0
55,3
55,2
0,533
55,1
55,0
0,532
0,531
54,4
0,530
0,529
54,3
54,2
0,528
54,1
54,0
0,527
53,3
53,2
0,526
53,1
53,0
52,3
52,2
52,1
52,0
0,525
0,524
0,523
0,522
0,521
0,520
0,519
0,518
51,3
51,2
51,1
51,0
0,517
50,4
0,516
0,515
50,3
50,2
50,1
50,0
49,3
49,2
49,1
49,0
48,3
48,2
48,1
48,0
47,4
47,3
47,2
47,1
47,0
46,3
46,2
46,1
46,0
45,3
45,2
45,1
45,0
0,514
44,4
44,3
44,2
44,1
44,0
0,513
43,3
43,2
43,1
43,0
0,512
0,511
42,3
42,2
0,510
42,1
42,0
0,509
0,508
0,507
0,506
41,4
0,505
41,3
41,2
41,1
41,0
0,504
40,3
40,2
40,1
40,0
0,503
39,3
39,2
39,1
39,0
0,502
0,501
0,500
0,499
0,498
0,497
0,496
0,495
0,494
0,493
0,492
38,4
0,491
0,490
0,489
38,3
38,2
0,488
38,1
38,0
0,487
0,486
37,3
37,2
0,485
37,1
37,0
0,484
36,3
36,2
36,1
36,0
0,483
0,482
0,481
0,480
0,479
35,4
35,3
35,2
35,1
35,0
0,478
34,3
34,2
34,1
34,0
33,3
33,2
33,1
33,0
32,3
32,2
32,1
32,0
31,3
31,2
31,1
31,0
30,4
30,3
30,2
30,1
30,0
28,3
28,2
28,1
28,0
27,3
27,2
27,1
27,0
26,3
26,2
26,1
26,0
3,3
3,1
3,0
0,408
1,1
0,322
0,243
1,3
1,0
2,1
2,3
2,0
0,9
0,310
0,305
0,308
0,307
0,302
0,304
0,303
0,12
0,10
0,8
0,0
0,473
0,300
0,472
0,299
0,471
0,298
0,470
0,297
0,469
0,296
0,468
0,295
0,467
0,294
0,293
0,466
0,292
0,465
0,291
0,464
0,290
0,462
0,289
0,461
0,288
0,463
0,287
0,459
0,286
0,458
0,285
0,460
0,284
0,456
0,283
0,455
0,282
0,457
0,281
0,453
0,280
0,452
0,279
0,454
0,278
0,277
0,451
0,276
0,450
0,275
0,449
0,274
0,273
0,448
0,272
0,271
0,447
0,270
0,445
0,269
0,444
0,268
0,446
0,267
0,443
0,442
0,266
0,441
0,440
0,265
0,439
0,438
0,264
0,437
0,436
0,263
0,435
0,434
0,262
0,433
0,432
0,261
0,260
0,431
0,259
0,430
0,258
0,429
0,257
0,256
0,428
0,255
0,427
0,254
0,426
0,253
0,425
0,252
0,424
0,251
0,423
0,250
0,422
0,249
0,421
0,248
0,420
0,247
0,419
0,246
0,418
0,245
0,417
0,244
0,416
0,242
0,241
0,415
0,240
0,414
0,239
0,413
0,238
0,411
0,237
0,410
0,236
0,412
0,235
0,407
0,234
0,406
0,233
0,409
0,232
0,404
0,231
0,403
0,230
0,405
0,229
0,401
0,228
0,400
0,227
0,402
0,378
0,226
0,399
0,225
0,398
0,377
0,224
0,397
0,223
0,376
0,222
0,396
0,375
0,221
0,374
0,220
0,373
0,219
0,372
0,218
0,371
0,217
0,394
0,370
0,216
0,393
0,369
0,215
0,395
0,368
0,214
0,392
0,345
0,213
0,391
0,212
0,390
0,344
0,211
0,389
0,343
0,210
0,388
0,342
0,209
0,366
0,341
0,208
0,365
0,207
0,367
0,340
0,206
0,364
0,339
0,205
0,363
0,338
0,204
0,477
0,336
0,203
0,387
0,335
0,202
0,386
0,337
0,201
0,385
0,333
0,200
0,362
0,332
0,199
0,334
0,198
0,476
0,361
0,197
0,331
0,196
0,360
0,330
0,195
0,359
0,329
0,194
0,328
0,193
0,383
0,358
0,192
0,382
0,327
0,63
0,381
0,326
0,62
0,380
0,325
0,61
0,357
0,323
0,60
0,356
0,321
0,59
0,355
0,324
0,58
0,379
0,319
0,57
0,354
0,318
0,56
0,353
0,320
0,55
0,384
0,352
0,54
0,350
0,317
0,53
0,349
0,316
0,52
0,351
0,315
0,51
0,347
0,314
0,50
0,346
0,313
0,49
0,348
0,312
0,48
0,311
0,47
0,475
0,309
0,46
0,474
0,306
0,45
0,301
0,6
0,5
0,1
0,11
0,4
0,2
0,3
0,7
